0 
0.02
0.04 
-0.01
-0.05
-0.1
-0.2
-0.25
-0.3
-0.4
-0.5
-0.6
-0.7
-0.85
-1
-1.2
-1.4
-1.6
-1.95
-2.35
-2.85
-3.3
-3.9
-6
-8
-10.5
-13.75
-14.5
-15
-15.5
-15.7
-16.1
-16.3
-16.5
-16.7
-16.8
-16.9
-17
-17.1
-17.2
-17.3
-17.35
-17.4
-17.43
-17.48
-17.5
-17.55
-17.6
-17.62
-17.63
-17.68
-17.7
-17.71
-17.71
-17.71
-17.71
-17.71
-17.71
-17.71
-17.71
-17.7
-17.7
-17.68
-17.67
-17.65
-17.6
-17.55
-17.5
-17.45
-17.4
-17.3
-17.2
-17.1
-16.9
-16.8
-16.6
-16.35
-16.1
-15.5
-14.5
-10.8
-10.3
-10
-9.8
-9.6
-9.35
-9.15
-8.9
-8.7
-8.5
-8.2
-7.85
-7.45
-6.5
-4.6
-3.8
-3.5
-3.2
-3
-2.75
-2.6
-2.4
-2.3
-2.15
-2.05
-1.9
-1.8
-1.7
-1.5
-1.3
-0.7
-0.2
-0.05
0